.Random.seed <-
c(403L, 10L, 464416258L, 23934772L, 1010087095L, -395352915L, 
-1955511868L, -1326816790L, 569114197L, 1719881711L, -782270474L, 
1195063584L, 888960739L, -749006975L, 527161840L, 1627392142L, 
1827237881L, 1649132939L, -32366150L, -970071876L, -262618113L, 
-834858667L, -360068500L, -89973054L, 1288587549L, -963174505L, 
1156864766L, -1353514824L, 610831003L, 765831417L, -1408853432L, 
-462142090L, 1688655025L, 1655216355L, -34990158L, -380090364L, 
1698962247L, 205697565L, 904562836L, -233273286L, 867822213L, 
485235551L, 1742664678L, -890732944L, 1757852051L, 1850734129L, 
-1752208160L, 1694088574L, -533041143L, 1884839995L, -1375965686L, 
1082670572L, -238800273L, 119504293L, 382582108L, 864731442L, 
364372013L, -150053145L, -105581554L, -626950680L, 2052859883L, 
-1106085751L, -384443368L, -1036764346L, 1453443489L, -1303152589L, 
-1457310302L, 36737172L, -929450217L, 1275642125L, -2001000412L, 
-1842894838L, 1014865269L, 315411663L, -820633642L, 1125261184L, 
-901213245L, -1384475295L, -1851954224L, -969733330L, -1120373031L, 
415212779L, -1817451174L, 422123292L, 1101255199L, 215872117L, 
-314425588L, -327765278L, -231200835L, 1551769655L, -317822242L, 
1407243800L, 1148975483L, 1175580953L, -307880536L, 928137558L, 
712655313L, -524615293L, -1426817006L, -756747356L, 913474407L, 
-655189827L, -1170612172L, -267258982L, 273383397L, 1781812095L, 
-1369425146L, 1692021904L, -564034253L, 1508991697L, -452597632L, 
362582366L, -1050564951L, -933260965L, 1601993578L, 2077356556L, 
-801729969L, 1396883205L, 253409212L, -1769606510L, 1719286157L, 
296493511L, -897269074L, -1099576568L, -309921525L, 966346729L, 
-1466097480L, 1466304358L, -1817893887L, 549425811L, 1466348866L, 
-510747916L, -156539145L, 1898653421L, -233885308L, -1251721302L, 
2016199957L, -561516625L, 419471286L, -119831072L, -446849757L, 
-1508494783L, 1098177840L, -571312306L, 588586425L, 601767883L, 
258667642L, -1037769348L, 1159953855L, -1477854571L, -613898068L, 
-1261096318L, 1839200861L, -931074729L, 1212583998L, 554329208L, 
389394267L, -1275897159L, -654412024L, 1877003702L, 469209841L, 
1480250659L, 642420594L, -326672956L, -1556781689L, -314988707L, 
1985145172L, -1086755974L, 1293142725L, -530392033L, 737766310L, 
-1937347280L, -1448456237L, 2108440049L, 1412795168L, -1049680450L, 
-1524359735L, -828620421L, -2072443062L, 192780204L, 1146855087L, 
-426075035L, -1356248036L, -2075106702L, -427010835L, 725273895L, 
-1799390898L, 1105598888L, 1867390379L, -742443319L, 1589096152L, 
-2039958650L, -5495199L, -1704615949L, -1856302494L, -178330412L, 
981698007L, 1470558157L, -2031326364L, -442192054L, -1001982283L, 
-196874737L, -357515498L, 1815505344L, 588282243L, 2059698081L, 
1696968592L, 1114412142L, 1266672153L, -1887065429L, 782872218L, 
1474538076L, 714209119L, 1155926325L, -1909888820L, -620129758L, 
472648829L, -884607625L, 1848130206L, -1050846888L, -538632005L, 
-396730791L, -1979109912L, 41875478L, -1321450607L, -1681363901L, 
-1451539630L, -2117318684L, -523192793L, -878743440L, 2127562564L, 
-1285980712L, -1202746246L, 1836953136L, -1100313924L, -1402560684L, 
1781306434L, 2062581152L, 31410876L, -1080051248L, -421790366L, 
-1860669464L, 849610700L, -1417064708L, 414491122L, 1007421568L, 
-1226668812L, 1797424776L, -871508166L, 839971664L, -1781766548L, 
-1949007724L, -1193537198L, -580698400L, -572542260L, -1353781088L, 
1460616066L, 1117680360L, -1881107732L, -1324147652L, 1770033778L, 
650671216L, -1787214300L, -1643953096L, 881604634L, -393225520L, 
-1325181892L, -382720876L, 1008573570L, -1812248640L, -1313908420L, 
-846507376L, 1928145954L, 50938888L, 1440450700L, 1915141148L, 
382785170L, 933037184L, 1990692884L, 355951912L, 302829114L, 
-616438576L, 1678857324L, -281726284L, -400910318L, 403605472L, 
-1528811572L, -1630925344L, -1096729054L, 1087121704L, -1138388724L, 
-876845508L, -997093134L, 411871984L, 954749764L, 1959221848L, 
712049210L, 1343325936L, -1169978180L, -1213100524L, 894075074L, 
1382686816L, 253406588L, 340409552L, -1409299422L, 1594243752L, 
-1011105908L, 1886788028L, 1835500594L, 1916077888L, 1550899380L, 
-256527544L, 235391674L, 1648070416L, -633489172L, 2023183444L, 
420067090L, 1049834400L, 325722060L, -1740362912L, 1714643138L, 
979322408L, 1532925356L, -245117124L, -426582158L, 1563882288L, 
-625696220L, -1567690696L, -962851622L, 1934377360L, -1349241092L, 
-943157356L, 1380868930L, 1634916864L, 1070539324L, 1608308304L, 
805638818L, 1324071752L, 1243552268L, 1842523356L, -2111425966L, 
-171128704L, 2120760148L, 124359144L, 1888676602L, -1910253744L, 
-1590942676L, -153873036L, 500391570L, 694762080L, -1474243956L, 
2038131552L, 2069705442L, 400283816L, 2018791628L, 2076197372L, 
1566015410L, -622881296L, -2021839420L, 654636888L, 2060704634L, 
1407008176L, -1429700164L, -2144001964L, -278989886L, -1917689056L, 
-125577284L, 689025616L, -978702878L, -1835011736L, -28521140L, 
-214785796L, 1747387122L, -1383551232L, -1767932300L, -536264696L, 
-1851018822L, 449007568L, -1456027156L, -1974098028L, -575106350L, 
-848101792L, 1938171212L, -185678560L, -879252862L, 951359976L, 
953090028L, -669399492L, 817284722L, -684348560L, -1549162204L, 
1171563064L, -312649318L, -540182064L, -918788676L, -2037802860L, 
-1748110206L, -704535104L, -986182852L, 772844688L, 184834850L, 
-170183160L, -846633716L, 2054190492L, -377573870L, 993704832L, 
1320604436L, -1482133208L, -1193163718L, 847277008L, -2055923092L, 
1975276084L, 1838439058L, 42952032L, 1073371468L, -1702287392L, 
-445696606L, -1080740440L, -1882925428L, 60620220L, -1929720206L, 
241923056L, -634327484L, -1078136744L, 1700296762L, 74113136L, 
-1608640452L, 335913236L, -1068784958L, 1356916448L, 386218108L, 
-287164720L, 1900100002L, -127457240L, 701139724L, -780777028L, 
-1639509198L, -1571456320L, 901213236L, -1580765496L, 1647195322L, 
539580048L, -1802248468L, -462992812L, -2035797358L, -1252771552L, 
-1767095860L, 67740384L, -1316228926L, 1382034472L, 1076238252L, 
1026202300L, -983118862L, 677557808L, -1378828380L, 1037438392L, 
-896616105L, -331040608L, -1264531970L, 1748981963L, 2072848077L, 
971878906L, -1564112328L, -1522628639L, 200196243L, -88350028L, 
-650776638L, 218405847L, -1841499103L, -1750187034L, -1035112732L, 
-965019115L, 1131983423L, 1465780696L, 1716322294L, 36030467L, 
739435333L, 2118657890L, -551401264L, 2077848569L, -1101607125L, 
1704193180L, -40820022L, -2091684929L, 1608017673L, 1089785886L, 
-290151988L, -1419744355L, 1260578343L, 216886352L, -705866514L, 
-657403493L, -1090779139L, 305890026L, -624323192L, -619179215L, 
-1883534429L, 503339940L, -149572014L, -1938254425L, 949866993L, 
-616463050L, 597945812L, -781597851L, 1230097263L, -1355840088L, 
1106942726L, -703685069L, -1263102827L, -1761309454L, -819167936L, 
2086290089L, 1657162523L, 1875344620L, -64552710L, 691945775L, 
1950201145L, 593164110L, -1849279076L, 467361549L, 978868599L, 
-913621632L, 33856478L, -27102037L, 1049612205L, 1151091738L, 
-426595624L, -1970478271L, 1977439219L, -1001710060L, 1852176290L, 
1677445303L, 1603834497L, 1863103110L, 1970422468L, -319462411L, 
1395227231L, -1238258504L, -447649386L, -1791888477L, 1625450341L, 
1123491458L, 584317936L, -1248920167L, 281375627L, -1239662980L, 
-1469533014L, -2003245345L, 878869609L, -9709954L, -765256084L, 
1543684797L, 841621383L, 1566165872L, -1591199218L, 815667003L, 
305630237L, 297551050L, -2050752536L, -484602671L, 1966893251L, 
-769941564L, 1372970098L, -1779468985L, 1394960657L, -491627370L, 
1216319988L, 802390917L, -43840817L, -2071259192L, 1370922598L, 
-630329197L, -1785286667L, 1479698898L, -323948000L, -314872823L, 
1489203515L, 128226444L, 1999757594L, -1486448753L, 7284953L, 
-1109940370L, 241655548L, -1774642067L, -1831737321L, 865276384L, 
617078206L, -192519285L, 1690653709L, 1986556986L, -1733577608L, 
788045857L, -2057245997L, 1778887156L, 1573327490L, 175763223L, 
